52.65193
56.64818
46.26308
57.70617
52.39721
55.25614
48.26219
40.99377
56.29523
42.35077
36.40097
61.56340
47.19281
51.24710
54.04846
46.54926
43.23103
52.91563
62.27620
42.23320
48.36472
45.51293
54.61536
39.15860
42.09698
52.95063
41.59492
47.77381
47.00744
46.42509
63.21109
52.03082
61.48596
46.28753
54.50668
45.09319
46.12577
46.65284
56.25009
50.29738
49.93434
40.20362
36.49443
48.82821
45.16793
62.61774
58.15899
46.30619
70.08080
36.92209
61.38563
56.32876
48.61677
56.94132
58.53599
48.02829
49.30901
52.99860
49.44134
39.67484
52.89225
47.97444
44.73136
59.60486
64.96704
41.30194
61.84012
47.49802
51.98220
67.02029
52.28485
59.19543
63.51267
49.97922
58.52203
58.90958
61.13700
49.40025
45.88628
48.41810
64.14283
52.85586
52.79374
50.89691
34.24108
42.84158
49.08285
61.89167
40.03271
54.73345
37.92972
46.24456
40.34592
65.44344
48.59573
50.82714
53.07922
65.81129
41.33970
51.86247
